cpu  1517264015 0 987484637 20371803546 18074735 0 177369669 0 0 0
cpu0 344521002 0 260538792 4869801608 3826638 0 177315190 0 0 0
cpu1 393809713 0 243308015 5162898067 4754893 0 18151 0 0 0
cpu2 389817000 0 242015259 5168271931 4741487 0 18279 0 0 0
cpu3 389116300 0 241622571 5170831938 4751715 0 18049 0 0 0
intr 9160855998 0 0 0 984903259 0 0 0 0 833 505157 57 0 0 0 1999178 0 0 0 0 0 0 0 0 0 0 0 51 50 0 0 0 0 0 0 0 0 0 0 0 0 2084214091 89636516 235666589 1668473357 2494118225 2494302638 3820807797 0 0 0 0 0 0 0 0 0 0 0 0 0 0 529001832 0 0 0 0 0 0 0 0 0 0 0 0 0 0 0 0 24817 0 0 0 0 0 0 0 0 0 0 0 0 0 0 0 0 0 0 0 0 8 7 263675174 0 354013102 0 0 12648 0 0 0 0 0 0 0 0 0 0 0 0 0 1459767 0 0 0 34
ctxt 750351956536
btime 1693286145
processes 45199622
procs_running 1
procs_blocked 0
softirq 8173165871 1 2281904762 59976148 271838593 0 0 25140757 2019879417 0 3514426193
