
Semaphore Array semid=32768
uid=0	 gid=103	 cuid=0	 cgid=0
mode=0660, access_perms=0660
nsems = 128
otime = Mon Jun 30 05:58:35 2025  
ctime = Thu Jan  1 00:00:45 1970  
semnum     value      ncount     zcount     pid       
0          31         0          0          6903      
1          31         0          0          6903      
2          31         0          0          6903      
3          31         0          0          6903      
4          31         0          0          6903      
5          31         0          0          6903      
6          33         0          0          6903      
7          29         0          0          1867      
8          29         0          0          6903      
9          0          0          0          1867      
10         0          0          0          1867      
11         0          0          0          1867      
12         0          0          0          1867      
13         0          0          0          1867      
14         0          0          0          1867      
15         0          0          0          1867      
16         0          0          0          1867      
17         0          0          0          1867      
18         0          0          0          1867      
19         0          0          0          1867      
20         0          0          0          1867      
21         0          0          0          1867      
22         0          0          0          1867      
23         0          0          0          1867      
24         0          0          0          1867      
25         0          0          0          1867      
26         0          0          0          1867      
27         0          0          0          1867      
28         0          0          0          1867      
29         0          0          0          1867      
30         0          0          0          1867      
31         0          0          0          1867      
32         0          0          0          1867      
33         0          0          0          1867      
34         0          0          0          1867      
35         0          0          0          1867      
36         0          0          0          1867      
37         0          0          0          1867      
38         0          0          0          1867      
39         0          0          0          1867      
40         0          0          0          1867      
41         0          0          0          1867      
42         0          0          0          1867      
43         0          0          0          1867      
44         0          0          0          1867      
45         0          0          0          1867      
46         0          0          0          1867      
47         0          0          0          1867      
48         0          0          0          1867      
49         0          0          0          1867      
50         0          0          0          1867      
51         0          0          0          1867      
52         0          0          0          1867      
53         0          0          0          1867      
54         0          0          0          1867      
55         0          0          0          1867      
56         0          0          0          1867      
57         0          0          0          1867      
58         0          0          0          1867      
59         0          0          0          1867      
60         0          0          0          1867      
61         0          0          0          1867      
62         0          0          0          1867      
63         0          0          0          1867      
64         0          0          0          1867      
65         0          0          0          1867      
66         0          0          0          1867      
67         0          0          0          1867      
68         0          0          0          1867      
69         0          0          0          1867      
70         0          0          0          1867      
71         0          0          0          1867      
72         0          0          0          1867      
73         0          0          0          1867      
74         0          0          0          1867      
75         0          0          0          1867      
76         0          0          0          1867      
77         0          0          0          1867      
78         0          0          0          1867      
79         0          0          0          1867      
80         0          0          0          1867      
81         0          0          0          1867      
82         0          0          0          1867      
83         0          0          0          1867      
84         0          0          0          1867      
85         0          0          0          1867      
86         0          0          0          1867      
87         0          0          0          1867      
88         0          0          0          1867      
89         0          0          0          1867      
90         0          0          0          1867      
91         0          0          0          1867      
92         0          0          0          1867      
93         0          0          0          1867      
94         0          0          0          1867      
95         0          0          0          1867      
96         0          0          0          1867      
97         0          0          0          1867      
98         0          0          0          1867      
99         0          0          0          1867      
100        0          0          0          1867      
101        0          0          0          1867      
102        0          0          0          1867      
103        0          0          0          1867      
104        0          0          0          1867      
105        0          0          0          1867      
106        0          0          0          1867      
107        0          0          0          1867      
108        0          0          0          1867      
109        0          0          0          1867      
110        0          0          0          1867      
111        0          0          0          1867      
112        0          0          0          1867      
113        0          0          0          1867      
114        0          0          0          1867      
115        0          0          0          1867      
116        0          0          0          1867      
117        0          0          0          1867      
118        0          0          0          1867      
119        0          0          0          1867      
120        0          0          0          1867      
121        0          0          0          1867      
122        0          0          0          1867      
123        0          0          0          1867      
124        0          0          0          1867      
125        0          0          0          1867      
126        0          0          0          1867      
127        0          0          0          1867      


