   1       0 ram0 0 0 0 0 0 0 0 0 0 0 0
   1       1 ram1 0 0 0 0 0 0 0 0 0 0 0
   1       2 ram2 0 0 0 0 0 0 0 0 0 0 0
   1       3 ram3 0 0 0 0 0 0 0 0 0 0 0
   1       4 ram4 0 0 0 0 0 0 0 0 0 0 0
   1       5 ram5 0 0 0 0 0 0 0 0 0 0 0
   1       6 ram6 0 0 0 0 0 0 0 0 0 0 0
   1       7 ram7 0 0 0 0 0 0 0 0 0 0 0
   1       8 ram8 0 0 0 0 0 0 0 0 0 0 0
   1       9 ram9 0 0 0 0 0 0 0 0 0 0 0
   1      10 ram10 0 0 0 0 0 0 0 0 0 0 0
   1      11 ram11 0 0 0 0 0 0 0 0 0 0 0
   1      12 ram12 0 0 0 0 0 0 0 0 0 0 0
   1      13 ram13 0 0 0 0 0 0 0 0 0 0 0
   1      14 ram14 0 0 0 0 0 0 0 0 0 0 0
   1      15 ram15 0 0 0 0 0 0 0 0 0 0 0
   7       0 loop0 489 0 6526 260 10 0 18 920 0 1150 1180
   7       1 loop1 3489 0 25050 6620 212 0 422 300 0 1010 6920
   7       2 loop2 0 0 0 0 0 0 0 0 0 0 0
   7       3 loop3 0 0 0 0 0 0 0 0 0 0 0
   7       4 loop4 0 0 0 0 0 0 0 0 0 0 0
   7       5 loop5 0 0 0 0 0 0 0 0 0 0 0
   7       6 loop6 0 0 0 0 0 0 0 0 0 0 0
   7       7 loop7 0 0 0 0 0 0 0 0 0 0 0
 179       0 mmcblk0 272987115 137282996 4375328426 254155800 7891140 5809015 114127051 3320590 0 226164480 255861560
 179       1 mmcblk0p1 252788375 102254757 4307791562 242544550 7890435 5809012 114126336 3320580 0 217631870 244336520
 179       2 mmcblk0p2 12322555 26169255 50096046 8550140 703 3 713 0 0 6202410 8493500
 179       3 mmcblk0p3 0 0 0 0 0 0 0 0 0 0 0
 179       5 mmcblk0p5 7873149 8858941 16732090 3051450 2 0 2 10 0 2335150 3022060
 179       6 mmcblk0p6 0 0 0 0 0 0 0 0 0 0 0
 179       7 mmcblk0p7 0 0 0 0 0 0 0 0 0 0 0
 179       8 mmcblk0p8 3031 43 708688 9660 0 0 0 0 0 5620 9650
 179      96 mmcblk0gp3 61021 6518 301684 50770 2128 2064 8384 20 0 47330 50270
 179      80 mmcblk0gp2 36 88 3800 60 0 0 0 0 0 30 60
 179      64 mmcblk0gp1 73054904 152668394 1272006094 51535830 0 0 0 0 0 38689220 51200850
 179      48 mmcblk0gp0 70 177 7592 50 0 0 0 0 0 40 40
 179      32 mmcblk0boot1 0 0 0 0 0 0 0 0 0 0 0
 179      16 mmcblk0boot0 0 0 0 0 0 0 0 0 0 0 0
 254       0 pramdisk0 0 0 0 0 0 0 0 0 0 0 0
 253       0 dm-0 38491810 0 50096046 27215530 706 0 713 0 0 6428140 27265900
